6
2147483647 29 98 56 11 13 
29 2147483647 26 89 71 78 
98 26 2147483647 87 67 2 
56 89 87 2147483647 100 53 
11 71 67 100 2147483647 26 
13 78 2 53 26 2147483647 
