6
2147483647 95 82 34 2 34 
95 2147483647 86 56 99 82 
82 86 2147483647 96 54 93 
34 56 96 2147483647 75 57 
2 99 54 75 2147483647 34 
34 82 93 57 34 2147483647 
