6
2147483647 28 33 21 66 60 
28 2147483647 92 57 94 86 
33 92 2147483647 15 41 32 
21 57 15 2147483647 48 89 
66 94 41 48 2147483647 39 
60 86 32 89 39 2147483647 
