6
2147483647 24 42 7 56 90 
24 2147483647 51 61 81 72 
42 51 2147483647 72 96 38 
7 61 72 2147483647 75 60 
56 81 96 75 2147483647 73 
90 72 38 60 73 2147483647 
