6
2147483647 64 39 70 51 72 
64 2147483647 56 70 39 96 
39 56 2147483647 34 49 91 
70 70 34 2147483647 60 66 
51 39 49 60 2147483647 96 
72 96 91 66 96 2147483647 
