6
2147483647 65 49 31 52 23 
65 2147483647 27 71 26 79 
49 27 2147483647 67 90 29 
31 71 67 2147483647 30 20 
52 26 90 30 2147483647 75 
23 79 29 20 75 2147483647 
