6
2147483647 79 65 3 12 18 
79 2147483647 7 77 21 28 
65 7 2147483647 13 99 82 
3 77 13 2147483647 24 12 
12 21 99 24 2147483647 35 
18 28 82 12 35 2147483647 
