6
2147483647 25 45 48 38 20 
25 2147483647 87 37 7 22 
45 87 2147483647 48 47 81 
48 37 48 2147483647 96 44 
38 7 47 96 2147483647 51 
20 22 81 44 51 2147483647 
