6
2147483647 37 42 31 79 13 
37 2147483647 5 41 44 30 
42 5 2147483647 22 36 34 
31 41 22 2147483647 79 5 
79 44 36 79 2147483647 78 
13 30 34 5 78 2147483647 
