6
2147483647 12 85 72 83 73 
12 2147483647 91 14 98 44 
85 91 2147483647 19 58 49 
72 14 19 2147483647 45 3 
83 98 58 45 2147483647 100 
73 44 49 3 100 2147483647 
