6
2147483647 80 84 63 77 94 
80 2147483647 9 18 92 78 
84 9 2147483647 74 92 35 
63 18 74 2147483647 9 44 
77 92 92 9 2147483647 11 
94 78 35 44 11 2147483647 
