6
2147483647 51 59 99 95 96 
51 2147483647 27 19 64 52 
59 27 2147483647 85 43 13 
99 19 85 2147483647 15 35 
95 64 43 15 2147483647 31 
96 52 13 35 31 2147483647 
