6
2147483647 34 37 63 16 5 
34 2147483647 26 52 54 54 
37 26 2147483647 43 42 54 
63 52 43 2147483647 39 45 
16 54 42 39 2147483647 56 
5 54 54 45 56 2147483647 
