6
2147483647 23 45 43 42 61 
23 2147483647 26 90 61 63 
45 26 2147483647 5 22 76 
43 90 5 2147483647 62 19 
42 61 22 62 2147483647 77 
61 63 76 19 77 2147483647 
