6
2147483647 62 49 77 91 83 
62 2147483647 76 25 79 19 
49 76 2147483647 99 70 23 
77 25 99 2147483647 79 46 
91 79 70 79 2147483647 60 
83 19 23 46 60 2147483647 
