6
2147483647 6 17 79 34 57 
6 2147483647 69 34 77 80 
17 69 2147483647 59 84 86 
79 34 59 2147483647 98 36 
34 77 84 98 2147483647 4 
57 80 86 36 4 2147483647 
