6
2147483647 44 23 5 73 47 
44 2147483647 49 72 76 56 
23 49 2147483647 40 79 99 
5 72 40 2147483647 64 74 
73 76 79 64 2147483647 37 
47 56 99 74 37 2147483647 
