6
2147483647 79 42 61 55 48 
79 2147483647 30 24 30 36 
42 30 2147483647 36 100 57 
61 24 36 2147483647 77 92 
55 30 100 77 2147483647 96 
48 36 57 92 96 2147483647 
