6
2147483647 67 82 83 28 72 
67 2147483647 39 8 33 35 
82 39 2147483647 22 64 44 
83 8 22 2147483647 47 65 
28 33 64 47 2147483647 78 
72 35 44 65 78 2147483647 
