6
2147483647 42 49 29 60 16 
42 2147483647 50 51 91 24 
49 50 2147483647 72 65 79 
29 51 72 2147483647 58 21 
60 91 65 58 2147483647 43 
16 24 79 21 43 2147483647 
